0.204799 0.204578 0.023254
0.268234 0.267926 0.022405
0.287912 0.287687 0.023721
0.495797 0.495638 0.023999
0.282184 0.282042 0.021082
0.206930 0.206625 0.020885
0.196907 0.196697 0.022369
0.258671 0.258490 0.021680
0.224745 0.224526 0.020711
0.211057 0.210809 0.027203
0.342738 0.342456 0.021886
0.242837 0.242621 0.021702
0.188120 0.187693 0.021755
0.565174 0.564909 0.023833
0.264086 0.263742 0.022413
0.333204 0.332951 0.022652
0.548778 0.548448 0.023376
0.247717 0.247077 0.021540
0.242770 0.242491 0.022418
0.470489 0.470203 0.021581
