0.210108 0.205247 0.020391
0.195895 0.187739 0.021634
0.197132 0.193081 0.021721
0.197220 0.193572 0.021813
0.212593 0.209048 0.021574
0.203938 0.200359 0.022805
0.332502 0.331967 0.023711
0.493850 0.493596 0.023018
0.244800 0.240384 0.019910
0.251980 0.249812 0.022231
0.261330 0.257144 0.023174
0.205011 0.203630 0.020586
0.254174 0.250769 0.019601
0.460594 0.456845 0.021837
0.189243 0.188309 0.021800
0.287706 0.285114 0.022397
0.270071 0.266338 0.021891
0.478984 0.478400 0.021763
0.265789 0.262183 0.022117
0.206289 0.203896 0.032343
